313337

3830

3738

3731

3133

3130

3236

3130

30

30

30

3133

3733

3732

3638

3832

30

30

31

3734

30

30

30

313533

38

36

30

30

30

3733

323434

313135

3438

30

30

3331

323439

3733

3638

3635

3834

313230

313536

323337

323231

313139

313136

3834

3835

3330

37

323430

3935

3530

313437

3733

3437

3136

313036

3430

39

39

3439

3236

3332

31

3831

3634

323333

31

313933

3639

34

33

313536

30

3137

313936

313334

313435

313632

313837

323332

3432

323234

313338

313638

3838

323038

313638

3936

33

3932

313035

3130

3432

3835

3836

3631

313632

3436

36

3933

313136

3831

313732

313336

323030

313836

3136

35

313239

3830

3834

38

3737

313434

313532

323238

313837

313237

323238

323230

323335

313438

3535

313135

313033

3338

3637

323132

323239

323531

3537

313033

323534

313231

3631

313131

323232

313234

323433

323232

313839

323437

323231

3433

3332

3334

3334

313539

323238

313833

3632

30

3334

313632

323233

3539

36

3337

3137

313435

31

313331

313436

313336

323030

313238

3635

3733

3638

313030

313932

313630

3336

3334

3530

3936

3830

3138

3137

3235

3438

3430

313337

313336

3132

3234

313438

3638

3638

36

3132

3734

3334

3334

33

36

3337

3137

313435

31

313331

313436

313336

323030

313238

3635

3733

3638

313030

313932

313630

3336

3334

3530

3936

3830

3138

3137

3235

3438

3430

313337

313336

3132

3234

313438

3638

3638

36

3132

3734

3334

3334

33

36

3337

3137

313435

31

313331

313436

313336

323030

313238

3635

3733

3638

313030

313932

313630

3336

3334

3530

3936

3830

3138

3137

3235

3438

3430

313337

313336

3132

3234

313438

3638

3638

36

3132

3734

3334

3334

33

36

3337

3137

313435

31

313331

313436

313336

323030

313238

3635

3733

3638

313030

313932

313630

3336

3334

3530

3936

3830

3138

3137

3235

3438

3430

313337

313336

3132

3234

313438

3638

3638

36

3132

3734

3334

3334

33

36

3337

3137

313435

31

313331

313436

313336

323030

313238

3635

3733

3638

313030

313932

313630

3336

3334

3530

3936

3830

3138

3137

3235

3438

3430

313337

313336

3132

3234

313438

3638

3638

36

3132

3734

3334

3334

33

36

3337

3137

313435

31

313331

313436

313336

323030

313238

3635

3733

3638

313030

313932

313630

3336

3334

3530

3936

3830

3138

3137

3235

3438

3430

313337

313336

3132

3234

313438

3638

3638

36

3132

3734

3334

3334

33

36

3337

3137

313435

31

313331

313436

313336

323030

313238

3635

3733

3638

313030

313932

313630

3336

3334

3530

3936

3830

3138

3137

3235

3438

3430

313337

313336

3132

3234

313438

3638

3638

36

3333

39

323032

313537

3539

313139

3636

3638

3936

313739

323137

313036

313839

313733

313439

3433

3837

3636

3638

323038

313835

313135

323331

3136

3238

313533

323535

313432

3331

3633

313432

323137

313739

313033

313633

3935

313931

313236

3732

3733

3733

313239

313935

323235

3634

3736

3736

3132

3530

3531

3531

3439

313232

323434

313034

313732

3931

313833

323036

3939

313537

323236

323236

3938

313336

3732

313932

313539

3631

313233

323436

30

30

3338

3739

313538

3238

323038

313232

3331

313237

323532

313737

323033

323534

3433

3433

3433

3439

313235

323530

313136

313634

313636

313636

3334

3434

3434

3132

3839

3839

3839

3436

323433

313139

323336

323136

313239

313632

313632

3334

313030

313030

313030

313932

323235

313132

3332

3534

3534

3232

313039

323139

313832

313937

313438

3431

3833

323430

323533

323437

323233
313335
323238
313838
313235
323532
323431
313939
323332
323138
313831
3433
3334
3335
3335
323235
313132
3536
3438
313131
323232
3630
323336
323136
313737
33
3334
313330
323030
323030
3732
313531
313031
313939
313430
3235
33
3137
313933
313430
3235
3531
3636
313738
323339
3531
323333
323430
323235
313935
3234
3534
313038
3234
3638
34
313431
3237
3535
3632
3939
323531
323439
323532
323433
323037
3439
3938
313936
38
3532
313035
323130
34
3831
3831
3831
3732
3739
3739
313939
313332
39
3139
323430
323337
313833
323233
313538
313737
313235
3538
3931
313830
313034
3137
3638
34
313235
323530
323434
39
323333
313138
323335
323334
323532
323133
3231
36
3337
313238
3837
3934
313231
35
3133
3236
3532
323038
313239
3230
3239
3239
313431
313830
313830
3532
3336
3336
3336
313834
34
3835
3635
3635
31
3738
313538
3630
313639
323135
3931
313834
313132
3333
313738
313738
313738
3630
3632
3831
3831
3831
3136
3137
3532
313036
323132
323030
313134
323534
313239
33
37
30
323532
3236
313438
313737
313737
313737
313530
323033
313835
313237
313832
313130
323231
323334
313134
323230
313135
323331
323036
313333
313336
3332
3334
3334
32
3837
3934
313231
3337
3330
313231
323238
3137
3631
313131
323337
323138
313831
313336
313432
313432
313334
313336
3332
3632
3632
3330
3239
3539
313138
3638
3836
3836
3232
323336
313138
3539
3638
34
3737
313534
3532
313933
323436
323337
323139
313037
313137
323232
313730
313731
313731
313435
313534
313534
3130
3137
3635
313739
313032
323035
313434
313539
313539
313433
323133
313731
3837
37
3238
313438
3139
3339
3738
3638
3938
3938
3938
313733
313432
3337
3136
313636
323533
313439
313438
313438
313630
313231
323433
323330
323530
313233
3633
3833
3633
323434
3835
313731
3836
313933
323235
313132
3634
3638
313434
313435
313435
313239
3330
3631
313232
313630
313236
323533
323530
3136
3137
3336
3338
3338
323236
323033
3437
313931
3630
3335
323531
313137
313138
3338
313330
313738
313734
323036
3935
3933
3538
323335
313331
313134
323137
313738
313031
38
3135
3135
313335
313336
313630
3931
313833
313130
3430
3431
3431
313933
3437
313931
323532
313632
323331
313531
313439
313439
323235
323036
3539
323339
323132
313631
323131
313839
313233
313139
3834
3835
3835
323439
323230
313032
323331
323036
313537
3333
3334
313532
3533
313037
313530
323037
323239
3834
3830
3934
313138
323137
313031
3635
3239
313233
323535
323534
323533
3333
3334
313230
323532
323431
313939
3933
313636
3331
3632
313234
3234
313337
313337
313337
3136
3137
323230
313136
323131
3737
3536
313133
323236
313332
313538
313833
313235
323531
313138
313830
313035
323131
36
3334
313330
3735
3437
313839
3532
313638
323533
3432
37
3134
3238
323038
3633
313334
313235
323531
323436
323333
323333
323133
323133
323133
3536
313137
323334
3230
313236
323534
323439
313033
313531
323239
313839
35
313031
323331
323036
313537
323335
3532
3430
313235
323337
313131
323032
313438
3431
38
3131
3131
3637
313331
36
3133
313132
323135
3933
313139
313537
313737
3331
323530
323036
313537
3539
3137
3239
3239
3133
313535
323035
313334
313635
3735
313531
323334
323333
3339
3739
313538
313936
313336
3137
3335
3332
3334
323332
323137
313739
313033
323030
323437
323335
3436
323132
3635
3839
3837
323331
313735
313734
313537
323133
3635
313835
313033
323037
3330
313936
313937
313937
3635
3638
3830
3838
3838
313336
323032
323032
3734
313735
323033
313930
323531
323338
313837
313336
313430
313430
313332
313336
323234
313533
313033
313538
323431
313835
323231
313836
3130
323032
313138
323337
323138
3635
3638
313736
313231
323433
313032
313531
323333
313237
323535
323531
323233
3333
3334
313034
323135
313734
3239
313730
313731
313731
3631
323134
313233
323335
313733
313833
3332
3334
313736
323139
323337
3330
3937
3232
313336
3634
313931
313139
313731
313630
313732
313638
313638
3634
313030
313030
313030
313537
35
313635
313035
313237
313337
313337
313337
323332
323137
313739
3339
323436
323338
323231
313339
3135
3632
323438
323234
313430
323533
323038
313735
313931
323534
313232
313336
38
323338
313834
323237
3134
313433
313231
313335
3135
3331
313938
323435
323135
3935
313433
3731
3331
313235
323132
323331
3533
3235
3130
313631
3134
323032
313836
3538
313237
313137
323035
3530
3430
313433
3330
3631
313338
323333
323131
313637
313633
313235
323531
323436
313336
313339
313339
313331
323231
313130
3731
313935
313334
3133
3439
3936
313932
30
323033
313738
3538
313131
3633
313532
323238
323238
313030
313336
38
313138
323338
323230
313337
313139
323232
313231
37
313231
313231
313231
3732
3734
3734
3636
313136
313136
3532
323138
313831
313037
313335
313637
313538
313232
323032
323237
313335
313732
313330
323432
323236
313339
3437
3730
3835
3835
3231
313338
313339
313339
313435
313537
313537
313431
313638
313638
3430
3336
3336
3336
313630
3739
313539
3632
323438
323437
313931
323535
313039
323439
313939
313732
3935
313931
3330
323439
323439
323439
3732
3733
3733
3635
3638
3638
34
313632
313633
313633
313435
313537
313537
313431
313639
3833
313637
323236
323332
323039
313633
3330
323033
323233
313134
323033
3435
3136
3137
313830
313034
323039
313934
323239
313734
323033
313535
313335
3331
313236
3234
3833
313636
3736
313933
313530
3435
3931
313234
3436
3837
3837
3635
313639
323338
3132
313139
323336
323136
323235
3530
313235
323037
313538
3631
3838
313833
313130
3239
3632
323533
323434
3833
323033
323435
313138
323339
323232
313733
323339
34
323133
323233
323533
313936
3139
3739
3634
3638
313434
313439
313439
313031
3235
313538
313739
313032
323035
313330
313336
323234
323230
313135
323037
313937
313639
3833
313637
323038
313834
313133
3939
323033
313134
323132
323236
323236
3938
313931
3331
313839
313735
313838
323432
3734
323033
313039
313838
323431
313938
3237
30
313238
313934
313934
3636
313336
38
313530
3436
3933
313338
3535
323233
313234
3139
323137
323137
323137
313132
3536
3238
3838
313839
313232
313831
323232
313032
3332
323135
313730
313035
313237
30
323430
323030
3335
313433
323332
313132
323432
323331
313335
313930
313132
323235
3636
313336
38
313734
313839
323436
3930
3834
3836
3836
3938
323330
323034
313533
313034
323131
313636
3133
313632
313633
313633
313435
313434
313434
313238
313930
313235
323531
313232
3932
313735
3231
3231
3231
3732
3734
3734
3636
313230
313230
3536
3134
3330
3630
323332
313137
323139
313631
313134
323530
323434
313035
323230
313139
323233
313235
3536
323331
313536
313135
3136
3235
3235
313337
313334
3133
3237
3938
323332
323038
313631
323136
313836
313137
313731
323037
313630
3434
3435
3435
313937
323136
313737
3939
323039
313836
313137
313037
3638
3639
3639
313933
323235
313132
313630
313031
323033
313530
3234
3531
313032
313430
323135
3938
313535
3634
323037
3331
30
3834
3835
3835
3937
323534
323532
323439
323332
323137
313739
3339
323334
323135
313735
3135
313837
323231
313432
313332
313332
34
313136
323333
323130
35
323433
323330
323035
3531
3632
313933
35
3334
323038
313038
3833
3630
313330
323432
313936
313337
3139
323530
37
3838
313735
3934
3631
323238
323331
323331
3939
323132
313638
3831
323530
313939
3437
3334
313230
323534
323439
323331
3933
323134
323431
3232
313438
3431
3431
3431
3136
3137
323034
313538
3631
3237
313138
313837
3239
323137
323137
323137
323030
323037
323037
313939
3639
3233
3933
313332
313736
313736
3438
313336
38
3338
3736
313532
323234
313738
313432
3130
323032
313930
313235
323531
3938
323434
323332
323039
313336
313339
313339
313935
313630
3635
313331
3830
3830
3830
313238
3338
3737
313534
3634
3638
3136
3231
3231
313333
313039
323139
313832
313835
313732
313833
313034
323039
3334
313839
323035
3738
313537
3538
3937
323132
313638
3831
313834
323236
313338
3433
313136
3838
313833
313037
323135
3134
3633
323533
323434
313437
323033
3538
3435
3930
313830
313238
313336
323234
313239
37
3330
323430
323339
3434
323531
323333
313833
3134
3734
313437
3533
313037
323134
3634
3638
313434
313533
313533
313639
313637
3835
3837
3837
3335
3437
3437
3135
3334
313330
323333
323131
313637
313837
3434
313931
313139
323339
3934
313936
313939
313939
313935
313130
313833
3939
323131
313636
3737
30
313238
323531
323338
313837
3135
3535
323232
313230
3335
3638
34
3937
3937
3937
313532
3630
313231
3530
3338
3739
313538
313430
3133
3237
3534
323438
3239
313438
323033
313530
3435
313935
313137
323135
3933
313637
313531
3835
323139
323438
323339
313237
323535
3131
30
313232
323232
3631
323437
323230
313331
323438
323438
313230
313030
313031
313031
313631
3935
313931
313236
323438
323331
3633
323535
39
3332
323430
313037
323133
313830
3633
313139
323534
323532
323038
3935
313234
323431
3639
3933
313236
3631
313134
323238
3732
313936
313939
313939
3939
323430
323234
313933
3234
3630
313230
313736
323033
323435
323530
323435
323135
3935
323335
313137
3632
323534
323438
3939
313336
38
313134
313135
313135
3737
3935
3835
3732
313638
3734
313439
313532
313532
3234
3230
3230
3230
323234
323138
313037
313735
3639
313939
313432
3239
3137
3237
3237
313339
323139
313131
313931
323231
3530
3430
313833
313038
323137
313632
323033
323332
323131
323131
323131
3439
3938
313936
38
3132
3331
3632
3238
313733
3931
313833
323134
323239
323232
3935
313235
323435
313439
323037
323533
323530
3237
313438
3837
3935
313235
3533
3638
34
3134
313335
33
323533
323530
323435
313935
323332
323039
313633
323039
313931
313237
313237
3638
3638
3638
3634
3638
313132
323231
313137
323135
323133
323530
3238
30
313933
313031
313535
323236
3137
313438
313135
323330
323034
313239
313336
3332
3435
3435
3133
313335
3134
3239
313134
313533
323437
323238
313437
3739
323334
3734
3130
323331
313438
323437
3232
313438
313730
313630
3633
3538
3538
3236
323037
3631
323437
313536
323033
313838
313031
323033
313530
323333
313331
313135
313236
313136
3834
3635
313533
313438
313438
313332
313138
323337
323138
3937
323135
313734
3933
313232
3934
313231
313231
313835
323534
3637
3339
3737
313534
313634
313637
3837
3835
3835
313631
313035
323131
313636
3136
3137
3630
323530
323332
313633
3436
323531
3537
313134
323238
38
3530
3530
3530
3332
3334
313230
323432
323031
3339
323435
323434
3631
313233
323436
323332
323533
313237
323434
323039
3731
313530
3339
3339
3838
313931
323135
313630
313732
313638
313638
313932
313338
3231
3433
313434
313532
313532
38
313535
323035
313334
3533
313037
323134
313834
323034
323233
313831
313037
3233
3138
3138
3138
3136
3235
3235
323333
323432
313935
3330
3530
313030
38
3638
34
323131
313636
3737
313135
3839
323232
323139
323437
3330
3732
313031
323036
313531
3935
313236
313639
3433
3437
323230
313431
3237
3535
3134
3334
313330
323330
323035
313535
3939
323334
323132
313639
3330
323433
313331
313835
3836
313235
323337
323037
313537
3633
3633
323434
3231
3433
3836
323332
3331
3934
313130
313130
3436
313138
323339
323232
313733
323331
3239
3631
313232
3230
323331
313538
313233
3436
3638
34
313833
323232
313232
313731
313538
313930
313230
323431
3938
3239
313734
3731
313432
3238
313933
313733
313833
323232
313338
323434
323434
313136
3638
3730
3730
313632
313133
323237
313938
3234
3537
313134
313634
3439
313332
323532
313635
313338
3839
313632
313632
313632
3630
313338
313034
313538
313232
323334
3431
3933
313835
323331
3330
313438
35
35
35
3136
3137
3132
3330
3630
323136
323239
323532
3835
3836
3836
323334
313231
3637
313335
3134
323435
313835
313131
313237
323036
323233
313832
313039
323139
3332
3334
38
3135
3135
323437
313034
323133
323431
323137
313033
313539
323333
313736
3132
3639
313937
3836
3438
323135
313339
323236
3137
313438
3931
313832
313038
313933
313436
3337
3735
3830
3832
3832
323236
313737
313132
3639
3639
35
313038
3534
3237
3638
313936
323239
313335
313030
3130
323032
313930
313235
323531
3930
3330
313230
313833
313130
323231
3332
3334
323438
323139
323233
323534
313636
313637
313639
313630
3230
3137
313038
323230
313834
323039
3939
313537
313533
3531
313033
3636
3638
3438
313132
323234
3634
3631
323337
323132
313639
3833
3838
313739
313032
3133
323330
323036
313537
313339
323237
313939
313433
313233
313732
3531
313039
323138
3532
313336
38
3730
313430
3234
313631
313637
313235
323438
323235
313335
313232
3633
3731
313432
3238
313737
3630
313930
3936
323133
3835
3830
313730
323535
323338
313635
313635
313635
3632
313531
323033
323033
323033
3637
313232
313232
3538
3938
3938
3938
3936
313833
323139
323039
313837
313139
313131
313038
323136
313736
313933
313134
323137
35
3131
3232
3634
323238
323135
313338
313332
323135
3934
313233
3133
3334
313330
323436
323337
323139
313633
313632
313632
313934
313031
323137
3531
3239
313438
3139
3338
3736
313238
313336
3332
3333
3333
313933
313738
3536
3332
313532
313037
3533
323132
3635
323333
313234
313839
3930
3231
39
3631
323434
323038
3637
3330
313931
31
313137
3133
3233
3232
3232
3334
3433
3433
3131
323431
323431
323431
313834
323238
313436
3735
313434
313539
313539
313735
313339
3532
3938
3939
3939
313839
313236
3731
313239
3830
323331
323532
313534
313037
313734
313737
313536
313539
313437
313437
3939
3235
313438
3337
3337
3337
3838
313736
3936
31
323534
323433
313539
323535
313230
313732
3833
3832
3832
32
313435
313534
313530
3139
313930
323438
313135
323534
323032
323032
323032
313736
313234
323439
313134
313531
3130
3435
313033
323231
313837
313139
313335
313336
3936
323232
313838
313231
3632
323437
323239
313433
3936
313734
3233
313937
3838
313533
313135
323332
323038
3333
313438
313530
313530
3938
313939
313432
3239
323136
313737
3939
313335
313236
313438
323533
323430
313935
3135
323435
3530
313636
313630
313536
3631
313233
313832
323239
313832
313637
3736
313533
32
3137
313933
313736
3937
313935
323434
3532
313137
323235
3337
3339
3339
3931
313734
313739
313030
323031
3138
323533
313230
323337
323035
323333
323131
313637
313737
313233
323437
313130
313235
323034
323437
323230
313135
3135
3638
3932
313037
313231
323233
313236
323531
313039
313235
313239
3539
323135
313134
313335
3636
313630
3635
3235
3139
3139
313331
313430
313430
3132
313539
313539
3131
3437
313838
323038
313031
323231
313633
3731
313433
3334
3334
3334
32
323235
323235
323235
3330
3639
3130
323338
323132
323437
313630
313934
323335
323236
313339
3437
313938
313330
35
3131
3434
3433
313232
30
3936
323234
313932
313239
3136
3137
3630
323435
323132
3833
3732
3737
3737
3639
313030
313030
313634
323239
313237
323434
313836
3130
323032
3433
313734
313834
313934
323331
323233
313637
323438
313135
313733
313538
313639
313630
313732
3837
313735
313538
323239
323532
313531
3934
313232
39
3334
323236
323432
323533
323231
313231
323331
313537
323530
313838
3133
3238
3536
3136
3633
323534
323438
313633
313538
313139
323236
313936
39
313235
313939
313530
313534
313534
3930
323335
313037
3833
3631
313137
313834
3633
323039
3431
313237
323533
323335
3935
3435
313331
323130
3839
313031
313031
3337
3134
3238
3536
313630
323037
323335
313535
313131
313930
313639
323339
3832
313235
39
313636
3530
323331
323438
323431
323237
323438
323436
323139
313131
323435
313930
36
3132
3234
30
3137
313933
323034
313533
3531
323533
323232
313334
313931
323532
313835
3934
3230
323033
313630
3932
313837
313138
3435
313232
323435
323334
313635
313037
313231
313733
3632
3331
313234
323430
313239
3934
323232
3230
313438
313735
313931
323534
313836
323239
313239
3632
323530
323332
313633
3136
313639
313035
313134
313633
313638
3131
323339
313330
3131
3436
313736
3932
3731
323035
323339
323136
313737
313633
323033
323434
323432
323432
313134
3736
313534
3532
3733
313531
3539
3930
313235
323530
323437
323339
313735
313531
323535
323332
313633
313433
323434
313136
323437
323139
323430
323138
3130
3532
3430
323533
323439
313638
313237
3238
3835
3835
3835
3430
3435
3435
313937
313630
3635
313331
3332
3832
3833
313337
323234
313433
313338
313338
3130
313234
323437
323231
313139
313532
3535
313131
313538
323534
3934
313130
313838
323431
3730
323033
313031
323437
323339
323233
313735
323139
323433
313337
38
3330
313232
323332
3333
323033
323239
323334
3432
3430
313939
313433
3331
323339
323435
323339
3130
323434
3930
3631
3833
3635
323137
313631
3637
37
313539
323433
313537
313735
323135
323333
323131
313637
3637
313634
313636
3736
323338
313335
3331
313236
323430
3838
313637
313838
313838
3238
3733
3733
3733
3136
3137
313732
3933
313837
323134
313230
313536
313930
313638
323337
3838
323231
3639
31
313932
323131
3739
3633
313039
3235
313438
3835
3835
3835
313230
323532
323431
313939
323039
313832
313039
3931
323231
313234
323036
323533
323237
323534
323533
313836
323433
3535
3430
313833
313039
323139
313334
323235
313935
313335
323335
3939
313831
323530
3630
323438
323234
313331
313239
323533
323235
3934
34
313232
313839
3430
3330
3635
3537
313237
323534
313234
313336
323132
3230
323038
3935
313232
323333
313635
313532
3631
313233
3534
3934
313234
323431
3639
313732
3932
313835
3138
3433
3837
313734
323132
313237
3736
3332
3635
323439
313735
313237
323533
323033
323432
313630
313539
313235
323436
3839
313336
38
313134
313134
313134
323434
3532
3833
323433
3332
313731
3131
323339
323136
313737
3939
323030
323036
323036
313334
313336
3332
3337
3337
35
313833
323232
313232
3433
323330
323037
313539
313735
313433
323439
313334
3237
313130
323430
38
323032
313331
37
3135
323334
3139
323237
323337
323438
313330
313137
3338
3331
313839
323133
3239
3734
313230
313230
3536
323338
313836
323335
313734
313630
323338
3536
313138
323339
323232
313431
323136
323136
3838
313332
313333
313333
313231
313733
3235
3837
313139
3533
323235
323235
323235
323136
313835
313135
313637
323239
3530
313137
3231
313438
313437
3339
3739
313832
323230
313237
3438
323135
323334
313533
3130
323032
3634
313734
3837
313137
313331
323234
313234
323231
313837
323335
323135
313735
3331
3638
34
323437
323233
313237
313931
323431
3536
313235
3831
3133
323138
313839
313831
3230
3831
323331
323038
3631
3430
3731
313433
3330
313733
313539
313138
313734
313836
323334
3432
323034
313537
3539
3233
323033
313531
3437
313939
323032
313439
3433
323431
323438
323237
313433
313335
3434
3430
3535
313131
323232
313732
313535
323332
323239
323238
323238
3936
313938
313430
3235
313230
323338
313835
323331
323434
313139
323136
313831
313037
323135
313434
35
313031
3438
323135
313339
323236
3138
313438
313637
3739
313539
3730
313839
313232
323435
3332
323236
323533
313133
3537
313532
313630
3834
313831
313438
323338
323132
35
323131
313731
3837
3437
3631
3435
313532
3131
323339
323235
313335
3331
313334
3732
3737
3333
313039
313231
313231
313835
313939
3538
313730
313035
313339
313135
3830
32
323038
313439
3630
313833
323231
313138
313535
323239
313930
323230
3835
3837
3837
3939
323535
323534
323533
313938
323239
323036
313030
3830
313130
323232
313838
3235
313935
313334
3133
313331
323035
313032
3637
313134
313134
3530
323232
313237
323535
313235
313931
323135
313137
313636
3330
313735
323231
3433
313931
313238
3935
3433
30
323132
313831
323038
313637
3739
3331
323033
313939
323434
323233
3530
3430
313331
313839
3836
313237
3135
3635
313639
3930
3239
313030
313030
313030
313230
323231
323338
3835
3837
3933
35
3137
313737
313732
313936
3130
313332
313730
313835
3934
313931
313236
313839
323239
323532
323137
313739
313033
313233
34
313635
313232
323138
313738
323137
313038
323438
323238
313437
3739
3630
323134
323439
323532
323433
323037
3637
3232
313438
323334
323039
313232
323030
313434
3333
313530
313439
3430
313331
37
3135
3134
3733
3830
36
313233
313839
3430
3436
3635
313835
313031
323033
3232
313235
3233
3937
3835
313230
323338
323230
323534
3436
313434
313630
313234
323436
323137
313033
3435
3135
313038
323334
323132
313639
3136
3137
3132
3331
3632
3932
3739
3131
323330
313934
3833
313831
313738
323036
313439
3636
323036
313734
313839
323436
3930
323033
313630
3834
313131
3134
3336
3337
3337
323333
323135
3130
313235
313533
3531
313033
3134
3334
3335
3335
313133
323135
3933
313139
323439
3932
313734
3436
3432
313135
3836
313733
3930
323239
323435
313939
3534
3939
313938
3132
323434
323337
323139
323135
313037
3833
37
30
313834
323238
313436
3735
3332
3334
3330
313237
323033
313435
3335
3731
323038
313632
3639
3131
313332
313335
313335
3939
323131
313636
3737
323332
323131
313637
3135
3638
3932
3931
3132
3430
313931
313031
3830
36
313233
313733
323534
3330
313330
3832
313831
313834
313736
323139
323337
3934
323033
313531
313233
323436
323336
39
3137
313933
3939
313433
3631
313032
3630
3738
3935
313738
313738
313738
3332
3334
3934
3433
3735
313938
313433
3331
323339
3137
313438
313730
3737
313039
323135
313734
3933
3435
323135
313231
323534
323439
323331
3637
3232
313438
313730
313336
313939
3931
3237
313938
323434
323434
323434
313434
34
313031
313736
323135
313339
3938
3235
313438
3137
3137
3137
313530
323333
313236
323131
3737
3535
323333
313431
3537
323135
3732
313535
313330
313738
313630
313630
313932
323432
323234
313233
323434
323332
31
3137
313933
313839
323437
323232
313731
313637
323133
3338
3430
313733
3538
3931
323136
313837
313139
3437
3938
3938
3938
3332
3334
323332
323135
313735
313539
323033
313838
313331
37
3135
323334
32
323230
313538
3631
313233
3930
323134
313532
3433
3337
3337
3337
313336
313431
313431
313333
313336
3936
323431
323236
313937
3934
313531
33
323334
313734
323134
3931
323533
37
313136
313931
323033
3835
35
323434
3933
313837
313138
313831
313838
3139
3630
313138
323336
313532
313236
313833
323533
313333
3233
3934
313132
313533
313637
323138
313830
323231
313134
323033
3435
30
313238
313131
313930
323439
36
323039
323039
323039
313336
313337
313337
323431
313034
313030
3238
323032
313630
3736
3732
3732
323430
3536
3738
313237
313330
3530
323038
313037
323133
323135
323534
323230
313537
313639
313630
34
313238
3738
313537
3538
313231
313839
3730
323032
323032
323032
323434
3433
313739
3836
3231
3131
313239
3234
3632
313234
3536
3638
34
3939
313939
313432
323435
313532
3837
3839
3839
313337
313830
313830
3532
313735
3635
313035
3835
313933
3833
3835
3835
313333
3134
3239
3538
3634
313634
313636
313430
323133
313531
3634
313330
323432
313839
323437
323232
323433
313532
313833
313232
323435
313036
323533
3239
323134
313832
313733
313135
313736
323135
313339
323236
3138
313438
3339
3739
313538
323132
323337
313530
323230
3433
3936
3232
3437
3934
313430
313830
313830
3532
313030
313032
313032
3636
3638
313736
3938
313937
3130
3631
323037
313539
313138
313438
323338
323535
3439
3934
313237
323533
313137
313537
323430
323036
323133
323431
313933
3932
313230
313730
3232
313737
3735
313531
3436
3436
313735
313234
3239
3536
313132
30
3233
3935
313234
313737
313130
3732
313537
313537
313537
323337
313737
313839
3837
3935
313235
3835
313833
3337
323033
323034
323034
313936
313338
3231
3433
3932
3538
313930
323136
313833
313131
3331
313636
3736
313533
313632
3131
313237
3731
313433
3330
313039
313231
3932
323036
323334
3432
3430
3835
313835
313732
313233
3539
323032
3435
3931
313832
323332
32
323438
313535
313130
313836
323031
323239
313734
323239
323234
313933
313331
323530
313133
313636
313236
323533
323530
3436
313131
3434
313639
313636
3634
313733
3930
313831
313134
3839
3731
3231
313039
313834
313539
323233
3830
34
323239
313734
3933
313837
3332
3832
3833
313130
323238
3932
323531
3131
323438
3134
323032
3936
313735
3835
3935
323531
313135
313139
3338
313331
3832
313537
323335
313834
313834
3536
313531
3130
313535
3331
313236
323438
3635
323233
313937
313837
313833
313136
38
313334
313232
323432
313336
313432
313432
313138
313231
313430
313734
313734
313734
313938
313830
313035
323131
323434
3737
313332
313135
3430
313730
3232
3333
323431
323431
323431
3436
323535
313332
3739
313539
3632
313431
323431
323237
313939
313633
313139
323339
323232
3538
3834
313234
323435
3636
323239
323037
323439
3833
3737
34
323231
313339
313931
3632
323439
323238
3139
3532
313037
323134
3736
323233
3736
323439
313730
323038
323433
3731
313736
323135
313339
323236
3831
313533
313633
3934
323335
313339
313430
313430
3638
3937
3937
3333
313938
313431
3237
313335
3134
3239
3538
3332
3534
3534
3232
323339
313930
323531
313734
313236
3731
313831
313031
323033
313530
313532
3536
313133
3334
313432
3330
3631
313036
3132
323032
323333
323131
313637
313935
313130
313833
313633
3731
313433
3330
313834
323235
313334
3237
313132
323439
323239
313531
323335
313132
313836
323533
323436
323139
3933
323134
39
323330
313934
323139
313833
313131
313539
3735
313239
323430
323438
323431
323237
3831
3830
3830
313238
323438
323438
313230
3132
3236
3532
38
3539
313139
323338
323132
313933
3439
313136
323332
3830
3434
3931
313832
323034
313031
313535
313131
313930
323439
313636
313130
313736
313734
323534
3833
313832
313038
323137
3832
313531
313035
313638
313939
313634
313639
3833
313637
313232
313039
3832
323237
323336
323437
323038
323234
313234
323036
313536
3537
313836
3933
3838
3736
3736
3132
313134
313135
313135
323039
313636
3737
3237
3239
323438
323039
323039
323039
3436
3633
323038
3637
313335
3134
323333
313135
323234
323534
3739
313733
313738
313738
3832
323233
3639
3536
323535
313033
3135
3639
3830
3836
3836
3836
323334
3535
3838
323130
323130
323130
313132
323333
313635
313531
323334
3534
313135
313636
323032
313536
3936
313734
3835
3935
323531
3931
313930
313234
3537
3538
313138
323336
313638
3633
313730
313737
313834
323231
313130
313139
313533
323338
3238
3432
313933
36
3337
323430
313037
323433
3536
3137
313933
323439
323331
313539
313433
313838
313838
3630
3933
313636
313532
313436
313436
323236
323435
313431
313631
3634
3834
3837
3837
323335
323234
313137
3536
3238
313834
323238
313436
3735
3438
313034
323038
3332
313634
313635
313635
3333
3632
3632
3934
313833
323333
313136
323534
313535
313730
313731
313731
313133
313933
35
3233
3634
3638
323038
313830
313035
3833
313430
3239
3539
3232
323135
3932
313135
3133
313534
3535
313131
313432
323134
313733
3931
3939
323535
323534
323533
313836
3133
313131
323331
323036
313537
313133
323233
313235
323437
35
313235
323534
3934
313235
323435
3835
313235
3134
323530
323437
323339
313433
313337
3139
3339
313632
3935
313931
313236
313736
323137
313038
3430
3436
3436
313938
323130
313635
3735
3333
3832
323131
3230
313639
313638
313638
323030
313633
3831
313232
3332
313330
313835
3934
3230
313433
313630
3630
313235
323530
3532
313636
3738
313537
313338
323132
323132
3834
3638
3638
3638
3332
3337
3337
35
35
35
35
323530
323533
323330
313537
3539
313139
313632
313135
323331
323036
313336
313430
313430
3638
313232
313232
3538
323032
323033
323033
313431
3635
313835
313133
323237
3730
313438
313438
313438
313630
313131
323233
313930
323530
3933
323339
313536
313536
3238
323033
323036
3337
313330
313839
323430
3632
323438
323234
33
323238
323239
323239
3333
3534
3534
3232
313133
313133
313133
323030
323035
323035
313937
313732
3839
313739
323434
3239
323038
323034
313533
3531
313435
313536
313536
313430
313532
313532
3234
323033
3534
3839
3339
3738
313536
313932
3139
3739
3630
323235
323039
3331
313031
313138
313138
3534
3338
3737
313534
323238
323432
313334
313434
323031
323339
3333
3430
313239
313534
3535
3237
313734
313836
323334
3432
323231
3232
3530
3432
3432
3130
313533
313533
313533
3430
3432
3432
323432
323438
3137
313432
3238
3537
3138
3334
323232
3237
3338
313237
323530
323333
313637
313736
323137
313038
313132
3536
3238
323438
323236
313339
3437
30
313332
3338
3430
31
3936
323231
313836
313137
323030
323032
323032
313330
313935
323235
3634
323237
313938
313431
313737
3936
313933
32
30
323330
313630
3132
323330
3930
323435
313831
3633
323435
313138
313334
323333
323237
323230
313938
313833
3534
3635
39
30
323535
323438
313939
3633
323038
313637
3739
3331
323132
313731
3837
3135
3134
313335
33
3235
3235
3235
323438
323033
3935
323534
323236
3837
313533
313835
313931
3738
313536
3536
313239
313639
3833
313637
3334
3631
3631
3239
3134
313335
33
3133
3237
3534
313936
313434
3333
3637
323430
323133
3837
3935
323333
313938
323237
323338
323239
313435
313031
313031
313031
3430
3434
3434
3638
313134
313134
313738
3632
313237
313437
3338
3737
323130
323035
313533
323232
313232
323335
3435
313830
313036
323133
3130
3134
313335
33
313331
36
3133
32
3136
323230
323439
33
313036
323338
323332
313134
313134
313134
323234
313132
3536
313434
313536
313536
313430
3934
313839
313232
323235
323133
3837
3935
35
3830
323433
3239
3135
3331
3632
3238
313737
313737
313737
313034
323038
313630
313239
323135
3734
3431
313237
34
313233
313839
30
313033
313834
313335
313135
3231
313438
3836
323239
3135
3834
313233
313933
313930
323335
3737
3638
313239
3937
3830
323534
313239
323239
323330
323330
3636
3638
313838
313832
313333
3336
313632
323038
3936
3830
323534
313239
3933
313138
323137
313031
3136
3537
3531
313735
313139
3137
323039
313735
3234
313438
313237
3936
313730
313630
323139
313032
313739
3937
323238
323030
313435
313530
313431
313939
323333
313433
313131
323435
323334
323133
313836
3735
313834
3634
3632
3836
313431
313937
323535
323332
313338
313339
313339
313331
3538
3233
313335
3135
3331
313734
323133
313236
3235
313438
313237
3936
323133
323133
323133
313230
323438
323235
313335
323039
313730
3835
3433
323033
313933
313937
323332
323535
313331
323334
3637
3531
323038
323037
313632
3639
313339
313236
323335
3637
3135
3537
323435
3534
3933
313630
3331
313131
313735
323235
323530
313339
313935
323133
3138
3137
3235
3438
3430
313337
313336
3132
3234
313438
313236
3536
313134
323238
38
313636
3737
313535
313334
313536
313536
3238
323533
3338
3637
3838
3838
3234
313436
313437
313437
3439
313034
323038
313630
3930
3533
313330
323533
313237
323434
323232
313233
323339
323235
313338
3433
313734
3634
323237
313938
313431
323235
313132
3536
323038
313732
3839
3531
313430
3330
3631
323138
313738
3139
323136
3936
323532
323430
313935
3135
323530
313435
323334
323132
313639
3833
313831
323232
323232
323533
323437
323233
313735
313833
313033
323133
323337
3839
3332
313330
3239
313732
313037
323533
323530
323435
3234
3530
313030
38
313534
3534
313039
3130
313837
323231
313432
313936
313936
3638
313136
323337
323138
3231
3739
3632
323439
313634
3731
313335
323031
323534
3830
3133
313835
313537
323139
313738
3232
3231
3231
3635
313634
313636
3233
323339
3439
3939
313938
3838
313138
3332
3637
323134
3234
313438
36
313031
313031
313031
323530
313937
323532
313936
313936
3638
313136
323335
323134
3133
3134
313335
33
313035
313035
313035
313232
3736
313630
313736
313736
3438
3434
3935
313930
323532
313833
3632
323132
323233
313333
313033
313539
313235
3836
313433
3933
313438
313435
313435
313239
323232
313839
313233
323335
3439
313538
3939
3938
3938
3636
323130
313635
3933
3430
313331
323432
313731
313735
313930
313134
323333
313535
323430
313833
38
3734
323133
3633
313635
3732
323035
323335
313236
313537
3538
313137
313134
323333
313038
313835
3931
313833
313130
3436
313735
323133
323530
3637
313137
313734
3237
3331
3331
313735
313637
313733
3839
313739
36
3639
3639
3639
313836
313237
313331
313731
313735
313930
3538
313630
313039
313538
323035
3234
313438
36
313730
313837
313731
313239
33
37
323334
3333
3335
313436
313437
313437
3439
313231
323432
313030
3834
3835
3835
323235
313933
37
3331
323132
3333
3936
313232
313139
323438
323535
323231
313432
3239
3539
3136
3235
3235
313337
323430
323430
313132
313838
323438
323236
313339
313232
313232
313137
313137
313831
313930
313037
323433
313139
313936
3735
3935
3636
3231
313438
313439
313439
313439
313834
323430
313934
3131
3137
3139
3139
313633
3539
313631
313638
323335
313630
3834
313131
313938
323136
313038
3534
3434
3930
313830
323030
323239
3231
323137
313137
323335
323134
323333
313432
3838
32
313039
32
313832
313236
323533
313232
323033
313833
3936
313238
3935
313837
3831
3735
3734
3734
3130
313034
313535
313033
3531
36
313635
3635
313633
3730
313431
3332
3334
3436
3631
323331
313638
313630
3834
323530
323436
323337
3131
3137
313933
323131
3739
3633
323533
3931
3238
323236
323339
313938
323035
3535
323233
3132
3137
323335
313538
313036
313238
3935
313939
3633
313533
3633
313237
313236
313733
323436
3139
313730
313630
313234
323234
313239
37
3332
3832
323131
323133
313536
313836
323033
313730
323335
313630
3834
3637
323432
3738
313536
3536
323039
313134
313930
323334
313338
313736
3931
313833
313130
31
3239
313939
323531
323339
313931
313735
323233
323133
313832
313632
32
323136
3532
313430
38
323133
3936
3830
3236
313638
3131
313036
323037
313538
3631
313232
313534
313233
3830
313236
323433
323035
3535
323438
323330
313535
313131
3636
313738
313931
3936
313938
3832
3134
313438
323334
313036
3434
3533
3533
3231
30
323430
323034
3531
323037
3332
3535
3535
3233
3439
3439
3439
3732
3732
3732
3634
313735
3934
313839
323430
323134
3931
313131
313231
313732
313033
3236
313033
3931
3133
313935
323235
323337
323431
323530
313533
313033
313538
313239
313336
323234
3739
313237
323530
3833
313733
313432
323233
3537
3430
3433
3432
3432
323430
323032
3433
313735
313630
313037
323135
313734
3732
3732
3732
3634
313136
313136
3532
313134
313135
313135
313737
313132
323235
3636
313539
323139
3830
313433
323230
313036
313536
313134
3833
3830
313236
323438
323235
313335
3234
3632
313234
313834
3330
3531
3632
3337
3337
35
3939
313939
313432
3639
3839
3839
313533
323033
313134
313930
313330
323432
313739
323037
3632
3637
3932
3932
3238
313038
3534
3237
3934
313236
323439
313031
30
313932
323134
313733
3931
313737
313138
323337
3930
313735
313235
39
313638
313930
3331
323231
313335
3730
3831
313937
3632
313233
323437
323338
3639
313133
313133
3439
313534
3533
313037
36
313335
313935
313631
313233
323433
3831
313139
313431
323334
3539
313138
313637
36
3439
323433
323133
313831
3332
323533
313338
3635
313035
313630
3730
313639
313135
3330
3535
313938
3631
3430
3637
3337
3230
3939
3431
323531
3939
323531
323436
323337
3136
313639
323333
313933
313234
313938
313430
3235
313736
323139
323337
323332
323130
313635
3131
313334
3134
3239
313338
313135
323036
3537
3731
313531
313837
313836
313139
3535
323239
313037
313536
323337
3331
313237
323532
3831
313335
313531
313833
313837
3230
323133
3531
313138
3332
313331
3737
3839
3831
3635
313035
313833
323139
3439
313237
323534
313234
323136
313038
3534
323434
323334
323133
3131
3335
3731
313432
3638
323139
313832
313039
323435
313133
313230
3131
323033
323032
323032
3734
313136
323334
323132
39
323235
323235
323235
313836
313437
3836
3935
3635
313835
313230
323431
3938
323136
313038
3534
313332
313335
313335
323237
313632
313339
3436
313934
323234
313933
313331
323435
313139
313436
313434
313434
313238
313733
3931
313833
323334
313031
313839
35
323239
313734
3933
313837
313136
323339
3736
313239
323230
3831
323535
323439
323037
313237
313832
313838
3735
3837
323337
39
313033
323035
313534
313333
313736
313736
3438
313136
323333
323130
35
313231
313231
313231
313836
323438
313033
323433
323330
323035
3136
313133
3239
313837
323231
3235
313331
3530
3438
3132
3734
33
313137
3233
313030
313739
323137
3438
313138
323336
3838
313234
323432
323031
3339
313033
3434
3430
3637
3439
313530
313738
3633
313536
313233
323533
313035
323132
313638
313435
323338
3133
38
313638
3431
3739
3834
313839
3934
3535
313035
323130
313936
313635
3535
313034
3935
323237
313038
313131
323138
313830
39
3334
313330
313334
3133
3237
313232
323231
323339
313631
3637
313335
313136
313336
3239
3539
313138
3434
323332
323237
3837
3635
313639
323338
323336
313536
313233
313438
313639
313730
313730
323130
323237
313839
313230
3237
323430
3735
313439
3433
3539
313433
313831
323337
3435
3430
3735
3735
3735
3137
3239
3239
3133
313335
313935
323235
313737
3331
323133
313039
3837
323139
313832
313039
323435
313136
313731
313630
3630
313234
323438
3438
323036
3539
323339
313838
313238
323032
3236
323033
323033
323033
3439
3939
313938
3132
323231
313836
313934
313839
313933
313830
323138
3934
313036
313036
313730
323239
30
313030
313036
313838
323336
3534
313039
323138
3838
313130
313539
3635
3235
3234
36
313635
3331
323338
313838
323433
3738
323231
323333
313637
323530
323238
323330
323330
3938
323036
313536
3537
323136
313833
313131
3935
323030
323436
3139
313338
313737
313438
323533
313631
313330
3832
3638
313136
3935
313330
323036
313432
3239
3539
313636
3433
3535
313536
323531
313636
323434
3533
323036
323436
313836
313137
323335
313136
3737
313833
3535
3231
3231
3231
313232
313931
323338
313433
313732
313239
313132
313236
323434
313832
323334
323439
3930
313431
323137
3330
3233
3233
323331
3439
313131
323139
313832
313039
313336
313430
313430
3638
313032
313032
313636
3735
3737
313738
313833
313630
313838
323237
313432
3539
313838
323134
3136
323535
323434
323131
3739
313034
323133
313730
3231
313134
313134
313134
323434
313633
313739
313233
3830
323534
323532
323433
323037
313836
313038
323134
3537
313532
313733
323336
323231
313837
3233
3839
3839
3839
313034
323039
313632
35
323336
313138
3539
323236
323237
323237
3439
313134
323238
3732
323336
323232
313839
323139
3939
3839
323133
313135
313438
323531
323430
3338
3734
313035
313035
313639
323037
313237
3232
313730
3739
323036
3830
313433
3634
323530
323535
313338
3635
323333
313637
323130
323130
3832
323230
313134
323033
3435
323530
323039
3834
313235
313934
313935
313935
3439
313038
323136
313736
313238
323530
313731
323434
3731
313736
3939
3431
323531
313935
3537
3430
3535
313131
323232
313038
313835
3736
313531
3436
3933
3332
3832
3531
313832
313833
323236
313037
313536
313039
323133
313130
323339
313838
323433
323036
323433
313835
313131
323133
313136
313638
3534
3933
313935
3537
37
313635
323133
313230
323237
313036
3736
3236
3137
313133
39
3637
323435
323030
3239
3232
3232
323330
323431
3930
313733
313833
313630
3834
3631
3532
3435
3839
313738
313936
313735
3939
313135
3134
323032
323334
323334
313036
323533
3336
313132
323435
323133
3837
3237
3539
313235
313138
323534
3934
3834
313733
323434
313932
313239
33
323431
323036
3539
323339
313230
3434
313731
313330
323130
323139
3634
3839
313036
3132
3234
313131
323533
313030
313832
313131
323233
3330
3334
313330
3133
3237
3534
323438
323435
313139
313537
323337
3234
313438
3635
3732
3738
3738
3730
3934
3934
3330
313334
3133
3237
313636
323339
3532
313535
3534
313039
3930
323335
313736
3132
313937
3838
323032
323534
313132
323534
3635
313232
3433
3739
313838
323532
323432
323033
3333
3334
313532
3534
313039
313534
313538
323330
313037
313536
313039
3533
313234
3634
3933
323233
3831
3930
3533
3533
313134
313538
323339
323532
313034
313639
313232
323433
313930
323439
323330
313535
3631
323134
323431
3232
313438
313337
313337
313337
3136
3137
323033
313736
313738
323236
3238
313438
323334
323039
313838
3737
313535
3534
31
3133
3433
313234
323432
323238
3733
313038
323231
313836
3231
323131
313637
3739
3731
3736
3736
3132
313934
313934
313934
323430
323130
3735
3437
313835
3434
313633
313330
323130
313036
323136
32
313630
313032
3234
3230
3137
3635
323437
323338
323231
3435
323331
323037
313533
3531
37
3334
3533
3335
32
313038
323138
313830
39
313637
3739
313539
323436
323531
323438
323036
3730
3132
323032
3332
3536
313531
3831
313236
323437
323231
313139
313232
323336
3236
313131
323035
3938
323532
3231
313338
313737
313438
323533
313631
313330
3530
3434
3434
323034
323335
3530
3837
3934
313231
313635
3731
313638
323438
323334
313133
3932
323133
313738
3534
313034
323038
313932
323335
3534
313931
323535
323534
313233
313539
31
323331
3437
3833
323433
3332
313731
313630
3834
313433
323230
3235
3235
3235
313530
323535
3238
313838
35
313635
313036
313430
323338
323339
313736
313932
3432
3430
3835
313037
39
313137
313538
313733
323032
3137
323533
323431
323432
323033
3437
3637
313634
323330
313039
3236
323331
323236
3134
3231
313438
313131
313838
323431
313334
323239
313232
313335
3135
3331
313832
313732
3834
313134
313832
313030
323031
3138
3933
313231
3536
3937
313934
313332
313630
313432
323339
313038
313933
313630
3132
313330
313233
313031
313432
313730
323030
3536
323331
313536
313135
313330
323232
313032
313638
313938
3832
323436
313335
323433
3239
313635
313833
323135
323237
323132
3239
323239
323231
313139
323233
313733
313637
323439
3130
323032
323432
323432
313134
3939
38
313730
323433
323132
313838
313231
323433
3930
3239
313237
3438
3635
313639
3330
313239
3539
313136
323332
313238
313631
3637
313335
313232
313234
3238
3134
37
3638
34
313531
3935
313236
3537
313334
3134
3239
313338
313833
323233
313236
3237
313932
313735
313633
34
313730
313631
39
3736
3834
3830
313338
323132
3532
313331
3432
3436
3436
323134
313439
3932
313933
313530
313033
313939
313939
313939
3637
313936
313831
313331
313032
3833
3830
323534
323434
323131
3739
3732
3738
3738
313138
3235
3130
323138
323137
313538
3631
313233
323434
3534
313232
323437
323338
313431
3835
313731
3836
35
313137
313038
313033
3131
36
313635
3135
313037
323134
313732
3635
3937
3937
3333
3934
313233
323337
3533
313531
323333
323338
3635
313231
323430
323234
3635
313336
323438
3535
3836
313830
3535
313631
3236
3735
323137
3331
323036
3635
323333
313733
313732
323430
313632
313339
3436
313330
313336
3936
323338
323230
313835
313232
313534
313035
3132
3237
323133
313030
313636
313634
313634
313936
313134
323534
3939
313433
3631
36
3137
3635
313236
313236
313236
313733
313432
3633
313532
313630
3834
313537
3238
323531
323531
3831
3939
323039
313731
3635
313832
313538
313230
323236
39
323033
3939
3537
313231
323432
3336
313432
3331
3633
313734
3331
313733
3835
3830
313538
313237
323534
323439
313232
313838
313636
323532
323532
313234
313235
313139
323331
323232
313534
313631
313736
313736
3136
3631
313232
323434
323430
323138
323336
313731
313730
313730
3130
3831
3831
3831
3136
3137
313531
3930
313139
3833
3830
313534
313638
3534
313737
323338
313733
3233
323030
3236
313331
323130
313335
313233
323339
313839
3233
3334
313330
313838
313838
3630
313531
313330
313230
323437
313630
3834
3231
3235
3537
3537
3537
3635
323339
3433
3834
3939
3431
323531
313935
3537
3430
323331
323034
313533
323237
3439
323535
313936
313337
3139
313836
323433
3135
323331
313934
313236
3833
3830
313730
3831
35
3731
313431
3236
323239
3439
313735
313836
313836
3930
313833
3733
313137
3437
313131
3131
3834
3438
3635
313035
323236
323337
323039
323531
313832
323139
313130
313331
313336
313630
3731
313433
3330
3330
323335
3834
3836
3836
323334
323431
323039
3835
313939
3430
3836
323035
313331
3134
3239
3538
313634
323233
313139
313139
313735
313635
3837
3635
313234
313939
3239
313139
3838
3330
323135
313938
313431
3237
323435
323233
313738
313139
323339
3934
3631
313839
313832
3635
313639
323530
3437
323234
313230
3735
323534
3937
3830
323530
313736
313237
323535
313236
3933
313334
3833
3834
3834
313634
323139
323534
3537
37
323239
313636
3737
313535
323434
313433
323234
313435
3731
3330
39
313232
3935
313631
3236
3735
323137
3331
323036
323337
3430
3931
313832
313038
323333
323039
323532
323238
323436
323139
313131
313335
3732
3737
3237
3631
323331
3734
38
3833
3830
313530
313439
313439
3333
3436
3436
3134
3937
3937
3937
323530
313432
3132
30
313236
323439
323239
3233
3736
313534
3532
39
3334
3533
313831
323236
313933
323434
313334
323237
313732
3436
313331
313738
313830
313830
3834
3633
313530
313731
323039
3236
313239
313534
313237
3934
313730
323333
3830
323335
323134
313733
323435
3633
3832
313131
3133
323036
323233
313231
323331
3239
313332
313335
313335
313935
313130
313833
3939
323237
313938
313431
313232
323530
323131
3739
3633
3133
313435
313534
313938
323433
3131
3233
3436
313136
323439
313335
323532
313937
3233
3935
323332
3333
3935
323231
313833
313033
3130
323032
3933
313837
313138
3937
323039
313632
3639
313230
323235
313333
3233
3434
323331
313731
313138
313438
313831
313035
323037
313232
3534
3937
3830
3236
313838
323436
323138
313037
323530
323039
3339
3538
3538
3236
323337
323139
313833
3731
3638
3638
34
3930
313830
313034
313631
37
3736
3837
313433
313437
323334
3831
3433
3234
313933
313432
313635
3238
3132
3231
313438
313133
313133
313133
313834
323337
313832
323139
3136
3233
3233
313335
31
33
36
323234
313938
3237
313131
323132
313433
323230
323235
323235
323235
3330
3639
3134
313636
313630
34
313238
3835
313731
3836
323333
3439
323139
3833
3833
3833
323039
313839
313233
313139
3532
313038
323136
3136
3334
313330
323530
323435
323335
313233
313039
313432
3230
313336
313836
3132
3734
30
313532
3633
313237
313930
313130
323134
313438
313437
313437
313331
323033
3436
313837
3132
313733
3930
313831
323130
313439
3534
323036
3231
3631
313930
3934
3937
3834
313933
313534
313530
313530
313636
3539
3838
313639
313734
313734
313938
313638
3831
313633
323434
323431
3338
3339
3339
323237
313934
3131
3437
3638
313232
313232
313836
313130
323439
313434
313534
313534
323334
323039
313632
313934
3230
313438
313036
313532
3932
313131
313937
3635
313038
313132
3330
3234
36
313635
3331
313832
313131
323233
313432
313632
313632
3334
313030
313032
313032
323334
323038
3132
3131
3131
3637
323533
323530
323435
323039
313637
3739
3331
3434
3933
313836
323132
323136
3730
323036
3331
313933
313430
313635
3238
3132
3231
313438
323334
3439
313236
323338
323230
313835
3536
323535
323532
323433
323435
313837
323232
313231
313231
313231
313530
323035
3937
323532
39
3734
313630
323330
313537
323330
3937
313935
313334
313631
3831
313633
3730
313132
3536
3238
3732
3737
3737
313937
313834
313133
323237
3932
3330
3239
313037
313633
313734
313331
3138
313638
313231
34
3330
3530
313030
38
3236
3535
313130
313430
313336
313336
38
3532
313035
323130
34
313633
3730
313431
313934
323135
3935
313237
323337
313738
313536
313735
313630
323532
323239
313531
3935
323434
313532
323339
35
35
35
3436
323433
3934
313236
323439
313031
3132
3234
3438
30
313431
3236
3533
323130
313431
323035
3539
313136
323332
313238
313837
323339
313930
323139
313738
323233
3732
36
313031
323231
3938
3830
36
323235
3736
313839
313934
3838
3837
313536
3331
313839
323333
323336
313936
313630
3132
3132
313331
3530
38
3132
3734
323530
313633
3833
3739
3730
313631
323332
3333
323534
313038
313932
313630
3630
3131
3439
3430
323037
313130
3237
3534
313038
313238
3732
3737
3335
313138
323432
3135
313331
3530
313332
313432
3330
3631
3236
323132
313532
313935
313239
323436
3934
3133
323132
3532
3634
3135
313032
3935
3433
3836
313732
323438
3933
34
313031
313039
313432
313539
313330
313739
313032
323035
3236
323230
313132
313935
3133
3732
3734
3734
313330
313336
3936
323130
313634
3733
313931
323435
3333
323533
3937
3438
3430
3637
323030
313835
3531
313334
3634
3632
323232
3538
3837
323435
313031
323031
313436
3337
3635
323337
313037
323034
313532
3439
313931
313339
313630
313732
323035
323431
3833
313132
323132
323234
3938
3737
313534
3532
313933
313834
313133
323237
323136
313837
313231
30
3234
313438
3638
3638
36
3132
3734
3334
3334
33
36
3337
3137
313435
31
313331
313436
313336
323030
313238
3635
3733
3638
313030
313932
313630
3336
3334
3530
3936
3830
3138
3137
3235
3438
3430
313337
313336
3132
3234
313438
3638
3638
36
3132
3734
3334
3334
33
36
3337
3137
313435
31
313331
313436
313336
323030
313238
3635
3733
3638
313030
313932
313630
3336
3334
3530
3936
3830
3138
3137
3235
3438
3430
313337
313336
3132
3234
313438
3638
3638
36
3132
3734
3334
3334
33
36
3337
3137
313435
31
313331
313436
313336
323030
313238
3635
3733
3638
313030
313932
313630
3336
3334
3530
3936
3830
3138
3137
3235
3438
3430
313337
313336
3132
3234
313438
3638
3638
36
3132
3734
3334
3334
33
36
3337
3137
313435
31
313331
313436
313336
323030
313238
3635
3733
3638
313030
313932
313630
3336
3334
3530
3936
3830
3138
3137
3235
3438
3430
313337
313336
3132
3234
313438
3638
3638
36
3132
3734
3334
3334
33
36
3337
3137
313435
31
313331
313436
313336
323030
313238
3635
3733
3638
313030
313932
313630
3336
3334
3530
3936
3830
3138
3137
3235
3438
3430
313337
313336
3132
3234
313438
3638
3638
36
3132
3734
3334
3334
33
36
3337
3137
313435
31
313331
313436
313336
323030
313238
3635
3733
3638
313030
313932
313630
3336
3334
3530
3936
3830
3138
3137
3235
3438
3430
313337
313336
3132
3234
313438
3638
3638
36
3132
3734
3334
3334
313331
323535
31
313035
3135
313332
323137
33
3439
323334
3834
30
30
30
30
3733
3639
3738
3638
313734
3636
3936
313330




